1.131880 0.059154 0.089106 -0.040937 0.132848 0.045458 0.144145 -0.021053 -0.109807 0.091493 -0.079217 0.074611 -0.035387 0.053522 0.098661 -0.081408 -0.046454 -0.004982 -0.113615 -0.027736 0.069684 0.053889 -0.114372 0.020836 0.058058 0.055861 -0.013721 -0.211488 -0.304295 0.081853 -0.095421 -0.103564 
0.059154 1.285034 0.093459 -0.065499 -0.129770 0.033236 -0.033883 -0.067172 0.016696 0.016321 -0.068610 0.005449 -0.056945 -0.124979 -0.023962 -0.189343 -0.084175 0.047449 -0.137818 0.188265 0.261301 0.055873 -0.059598 0.026478 0.047037 -0.081905 0.074069 -0.115619 -0.218111 0.187112 0.047241 0.182176 
0.089106 0.093459 1.108529 0.013783 -0.032696 -0.077345 0.115673 0.077058 -0.052629 0.041361 -0.041246 -0.035992 -0.124659 -0.053241 0.058477 0.018364 -0.011628 0.034528 0.042714 0.158338 -0.036288 0.132338 -0.169130 -0.096477 -0.029683 0.151905 0.051565 -0.049058 -0.035098 -0.031351 -0.029089 0.056160 
-0.040937 -0.065499 0.013783 1.151978 0.112654 0.079926 0.107350 -0.006404 0.049017 -0.015975 -0.193873 0.224284 0.072251 0.124295 -0.053007 -0.027075 0.029345 -0.038157 0.008471 0.016203 -0.019335 -0.086992 -0.049041 -0.023113 0.064656 -0.028461 -0.086185 0.059568 -0.070014 -0.039734 -0.019000 -0.026724 
0.132848 -0.129770 -0.032696 0.112654 0.878668 0.009701 -0.032051 0.006544 -0.040869 -0.024283 -0.052107 -0.105004 -0.042746 0.055092 -0.195214 -0.013889 -0.031396 0.004204 -0.029883 0.025893 0.070080 0.020251 -0.060015 -0.136861 -0.091419 0.018547 -0.049081 -0.070879 -0.137722 0.015305 0.056255 -0.066643 
0.045458 0.033236 -0.077345 0.079926 0.009701 1.106056 -0.015465 0.158883 0.007019 0.007688 -0.107468 0.036041 -0.070031 -0.088124 0.022059 0.010449 0.058513 -0.307229 0.066902 -0.067756 -0.096839 -0.050670 0.001560 0.051749 -0.090527 -0.055311 0.071298 0.052026 0.066388 -0.060097 0.151156 -0.124888 
0.144145 -0.033883 0.115673 0.107350 -0.032051 -0.015465 1.311770 0.080783 -0.049470 -0.059393 -0.134296 0.064907 -0.047222 -0.094003 0.129214 -0.027991 0.040641 -0.095583 0.028665 -0.071948 -0.025322 -0.040279 0.068386 0.114029 0.028793 0.003833 0.011891 0.094291 0.119942 0.053169 -0.003879 0.047255 
-0.021053 -0.067172 0.077058 -0.006404 0.006544 0.158883 0.080783 1.236653 0.087945 -0.184076 0.108153 -0.057352 0.039439 -0.039335 0.046972 0.001009 -0.001606 -0.145077 0.138981 -0.100019 -0.291348 -0.091753 0.130316 -0.159100 -0.116123 -0.071282 -0.034811 0.079161 0.250819 0.030623 -0.031960 -0.112594 
-0.109807 0.016696 -0.052629 0.049017 -0.040869 0.007019 -0.049470 0.087945 1.210232 -0.170311 -0.247979 0.022984 -0.149328 0.003436 0.030512 -0.054835 0.021032 -0.081864 -0.083500 -0.116368 0.114919 -0.137112 -0.042124 0.090312 0.224127 -0.120038 -0.054360 0.046403 -0.009165 -0.046050 0.078291 0.058691 
0.091493 0.016321 0.041361 -0.015975 -0.024283 0.007688 -0.059393 -0.184076 -0.170311 1.135665 -0.096931 0.019097 0.008912 0.183358 -0.067720 0.019478 -0.172813 0.117039 -0.139548 0.109191 0.263757 -0.024468 0.077086 0.082606 0.035846 0.135654 -0.046211 0.064454 -0.192664 0.010576 -0.054022 0.233016 
-0.079217 -0.068610 -0.041246 -0.193873 -0.052107 -0.107468 -0.134296 0.108153 -0.247979 -0.096931 1.369050 0.037240 0.044028 -0.141843 0.215371 0.276723 0.219267 0.183675 0.115363 -0.156610 -0.055016 0.134376 -0.239926 -0.113601 -0.076547 -0.100657 0.203224 -0.061962 0.189722 0.162811 -0.170195 -0.048303 
0.074611 0.005449 -0.035992 0.224284 -0.105004 0.036041 0.064907 -0.057352 0.022984 0.019097 0.037240 1.054160 -0.026160 -0.152758 0.079229 0.196395 0.135481 -0.043868 0.035323 0.151194 -0.029923 -0.011301 -0.051225 -0.088904 -0.138647 -0.030458 -0.005887 0.004984 0.088290 -0.017175 0.054094 0.025962 
-0.035387 -0.056945 -0.124659 0.072251 -0.042746 -0.070031 -0.047222 0.039439 -0.149328 0.008912 0.044028 -0.026160 1.241329 -0.140227 -0.037212 0.076970 0.161114 0.075902 -0.067775 0.004894 0.090152 -0.149005 -0.037279 -0.244270 -0.029520 -0.050401 -0.140856 -0.009966 -0.038979 -0.078255 0.096834 -0.023271 
0.053522 -0.124979 -0.053241 0.124295 0.055092 -0.088124 -0.094003 -0.039335 0.003436 0.183358 -0.141843 -0.152758 -0.140227 1.350333 0.040649 -0.075184 -0.238827 -0.059622 -0.162917 0.030926 0.172068 -0.136148 -0.001829 0.157357 0.040526 0.273106 -0.237284 -0.069298 -0.127654 -0.266963 0.154471 -0.022307 
0.098661 -0.023962 0.058477 -0.053007 -0.195214 0.022059 0.129214 0.046972 0.030512 -0.067720 0.215371 0.079229 -0.037212 0.040649 1.317716 0.015341 0.111409 -0.075910 0.217824 0.023425 0.053342 0.132808 0.066527 0.034848 -0.010349 -0.100111 0.007574 0.013128 0.023539 0.091338 -0.085534 0.019783 
-0.081408 -0.189343 0.018364 -0.027075 -0.013889 0.010449 -0.027991 0.001009 -0.054835 0.019478 0.276723 0.196395 0.076970 -0.075184 0.015341 1.240918 0.088590 0.217384 0.016647 0.056763 -0.149649 0.114861 -0.232285 -0.042402 -0.085688 -0.044019 -0.060078 0.028184 0.033494 0.054641 -0.193936 -0.006683 
-0.046454 -0.084175 -0.011628 0.029345 -0.031396 0.058513 0.040641 -0.001606 0.021032 -0.172813 0.219267 0.135481 0.161114 -0.238827 0.111409 0.088590 1.361065 0.084836 0.194182 -0.015024 -0.082834 0.250105 -0.039781 0.040008 0.019146 -0.161962 0.107956 0.131916 0.176893 0.297785 -0.158364 -0.031026 
-0.004982 0.047449 0.034528 -0.038157 0.004204 -0.307229 -0.095583 -0.145077 -0.081864 0.117039 0.183675 -0.043868 0.075902 -0.059622 -0.075910 0.217384 0.084836 1.107332 -0.022614 -0.104824 0.190973 -0.019718 -0.078831 -0.098919 0.257581 0.020719 0.148438 -0.243724 -0.226350 0.159519 -0.246797 0.067584 
-0.113615 -0.137818 0.042714 0.008471 -0.029883 0.066902 0.028665 0.138981 -0.083500 -0.139548 0.115363 0.035323 -0.067775 -0.162917 0.217824 0.016647 0.194182 -0.022614 1.043555 -0.089492 -0.123605 0.073407 -0.029521 -0.040395 0.054565 -0.118388 -0.060835 0.083025 0.213018 0.059910 0.025708 0.168037 
-0.027736 0.188265 0.158338 0.016203 0.025893 -0.067756 -0.071948 -0.100019 -0.116368 0.109191 -0.156610 0.151194 0.004894 0.030926 0.023425 0.056763 -0.015024 -0.104824 -0.089492 1.175068 0.081992 -0.094118 0.066069 0.145986 -0.000031 -0.158392 -0.147314 0.010780 -0.205307 0.172597 -0.067651 0.139572 
0.069684 0.261301 -0.036288 -0.019335 0.070080 -0.096839 -0.025322 -0.291348 0.114919 0.263757 -0.055016 -0.029923 0.090152 0.172068 0.053342 -0.149649 -0.082834 0.190973 -0.123605 0.081992 1.572553 0.121641 0.002617 0.039015 0.201979 0.072397 0.088568 -0.196027 -0.394429 0.084643 0.015322 0.083046 
0.053889 0.055873 0.132338 -0.086992 0.020251 -0.050670 -0.040279 -0.091753 -0.137112 -0.024468 0.134376 -0.011301 -0.149005 -0.136148 0.132808 0.114861 0.250105 -0.019718 0.073407 -0.094118 0.121641 1.267824 -0.024700 -0.043804 -0.107106 -0.195269 0.222649 -0.020539 0.064671 0.182736 0.005320 0.083322 
-0.114372 -0.059598 -0.169130 -0.049041 -0.060015 0.001560 0.068386 0.130316 -0.042124 0.077086 -0.239926 -0.051225 -0.037279 -0.001829 0.066527 -0.232285 -0.039781 -0.078831 -0.029521 0.066069 0.002617 -0.024700 1.116251 0.050412 0.077146 0.062779 0.000898 0.210488 -0.020029 -0.213891 0.125602 -0.056486 
0.020836 0.026478 -0.096477 -0.023113 -0.136861 0.051749 0.114029 -0.159100 0.090312 0.082606 -0.113601 -0.088904 -0.244270 0.157357 0.034848 -0.042402 0.040008 -0.098919 -0.040395 0.145986 0.039015 -0.043804 0.050412 1.025752 0.011580 0.057185 -0.207875 0.038267 -0.024892 -0.104108 0.057970 -0.030265 
0.058058 0.047037 -0.029683 0.064656 -0.091419 -0.090527 0.028793 -0.116123 0.224127 0.035846 -0.076547 -0.138647 -0.029520 0.040526 -0.010349 -0.085688 0.019146 0.257581 0.054565 -0.000031 0.201979 -0.107106 0.077146 0.011580 1.099721 0.020495 -0.017336 0.131684 -0.018031 0.061414 0.065740 -0.057902 
0.055861 -0.081905 0.151905 -0.028461 0.018547 -0.055311 0.003833 -0.071282 -0.120038 0.135654 -0.100657 -0.030458 -0.050401 0.273106 -0.100111 -0.044019 -0.161962 0.020719 -0.118388 -0.158392 0.072397 -0.195269 0.062779 0.057185 0.020495 1.219618 -0.040101 -0.219721 -0.135515 -0.067855 -0.045479 0.090021 
-0.013721 0.074069 0.051565 -0.086185 -0.049081 0.071298 0.011891 -0.034811 -0.054360 -0.046211 0.203224 -0.005887 -0.140856 -0.237284 0.007574 -0.060078 0.107956 0.148438 -0.060835 -0.147314 0.088568 0.222649 0.000898 -0.207875 -0.017336 -0.040101 1.179973 -0.118360 0.033090 0.288128 -0.027897 0.159789 
-0.211488 -0.115619 -0.049058 0.059568 -0.070879 0.052026 0.094291 0.079161 0.046403 0.064454 -0.061962 0.004984 -0.009966 -0.069298 0.013128 0.028184 0.131916 -0.243724 0.083025 0.010780 -0.196027 -0.020539 0.210488 0.038267 0.131684 -0.219721 -0.118360 1.338159 0.076455 -0.097659 0.041268 -0.151512 
-0.304295 -0.218111 -0.035098 -0.070014 -0.137722 0.066388 0.119942 0.250819 -0.009165 -0.192664 0.189722 0.088290 -0.038979 -0.127654 0.023539 0.033494 0.176893 -0.226350 0.213018 -0.205307 -0.394429 0.064671 -0.020029 -0.024892 -0.018031 -0.135515 0.033090 0.076455 1.250301 -0.078534 -0.041792 -0.094977 
0.081853 0.187112 -0.031351 -0.039734 0.015305 -0.060097 0.053169 0.030623 -0.046050 0.010576 0.162811 -0.017175 -0.078255 -0.266963 0.091338 0.054641 0.297785 0.159519 0.059910 0.172597 0.084643 0.182736 -0.213891 -0.104108 0.061414 -0.067855 0.288128 -0.097659 -0.078534 1.455594 -0.217040 -0.064239 
-0.095421 0.047241 -0.029089 -0.019000 0.056255 0.151156 -0.003879 -0.031960 0.078291 -0.054022 -0.170195 0.054094 0.096834 0.154471 -0.085534 -0.193936 -0.158364 -0.246797 0.025708 -0.067651 0.015322 0.005320 0.125602 0.057970 0.065740 -0.045479 -0.027897 0.041268 -0.041792 -0.217040 1.070850 0.069794 
-0.103564 0.182176 0.056160 -0.026724 -0.066643 -0.124888 0.047255 -0.112594 0.058691 0.233016 -0.048303 0.025962 -0.023271 -0.022307 0.019783 -0.006683 -0.031026 0.067584 0.168037 0.139572 0.083046 0.083322 -0.056486 -0.030265 -0.057902 0.090021 0.159789 -0.151512 -0.094977 -0.064239 0.069794 0.906215 
0.869524 0.509712 0.460983 0.936192 0.223158 1.267058 0.848948 0.583438 -0.338334 1.110677 0.583822 1.100734 0.471101 0.619709 0.825644 0.291810 1.451834 -0.318446 0.185216 0.742393 0.475168 0.260144 0.244077 0.821952 0.501648 0.515761 0.403858 1.020513 -0.021387 0.396526 0.724731 0.146244 
0.780884 0.634102 0.337667 0.635955 0.733357 0.993683 0.429045 0.635567 0.100981 0.931318 0.763619 0.812613 0.760243 0.656338 0.415213 0.192975 0.871902 0.178676 0.160422 0.694761 0.105095 0.218015 0.191470 0.976833 0.438074 0.821592 0.698769 0.882964 0.330830 0.074088 0.756549 0.014996 
